0.1987
0.269455
0.239939
0.152747
0.158297
0.002517
0.002398
0.002706
0.002494
0.002602
0.001948
0.002493
0.00203
0.002267
0.002551
0.002463
0.002415
0.002074
0.003807
0.003842
0.003971
0.00381
0.003799
0.003702
0.003728
0.003766
0.003775
0.003943
0.003793
0.00404
0.004079
0.002078
0.003815
0.003976
0.003812
0.00377
0.003755
0.003772
0.003732
0.003747
0.003766
0.002441
0.004071
0.003723
0.003439
0.003493
0.002191
0.003074
0.003189
0.002496
0.002116
0.001891
0.002478
0.002034
0.002278
0.002158
0.002144
0.002201
0.002333
0.0021
0.003109
0.003145
0.002244
0.00235
0.002526
0.003662
0.002156
0.002239
0.002446
0.002305
0.00208
0.002017
0.002017
0.002111
0.002226
0.001946
0.002387
0.002209
0.001925
0.003196
0.003299
0.002157
0.002092
0.002301
0.002248
0.002331
0.002141
0.002302
0.002165
0.002176
0.002543
0.002232
0.001976
0.00236
0.002338
0.002524
0.002241
0.002261
0.002128
0.002304
0.002197
0.002116
0.002197
0.002232
0.002283
0.002192
0.002173
0.002422
0.002213
0.002348
0.002327
0.002302
0.002229
0.002296
0.001979
0.002351
0.002102
0.002202
0.002164
0.002111
0.002372
0.00213
0.002376
0.002326
0.002188
0.001975
0.002183
0.002382
0.002401
0.002269
0.002087
0.002287
0.002222
0.002082
0.00212
0.002055
0.00233
0.002339
0.002323
0.002108
0.002221
0.002054
0.002141
0.002007
0.001994
0.002196
0.002602
0.002387
0.002459
0.00234
0.002319
0.002209
0.002049
0.00231
0.002079
0.002169
0.002161
0.002265
0.002079
0.002672
0.002257
0.002238
0.002368
0.002141
0.002282
0.002316
0.002448
0.002156
0.001975
0.00227
0.002274
0.002238
0.002288
0.002214
0.002069
0.002251
0.002213
0.0021
0.002296
0.002187
0.002355
0.002092
0.002135
0.002203
0.002117
0.002047
0.002064
0.002399
0.001901
0.002276
0.002396
0.002511
0.00237
0.00213
0.002185
0.002691
0.002078
0.002321
0.002324
0.002258
0.002271
0.002312
0.002174
0.002414
0.002248
0.002125
0.002205
0.002167
0.002372
0.002254
0.002355
0.002373
0.002111
0.002242
0.002145
0.002311
0.002519
0.002302
0.002148
0.002369
0.002198
0.002428
0.002223
0.002239
0.002441
0.001983
0.002262
0.002136
0.002284
0.002365
0.001946
0.002253
0.002463
0.001927
0.002589
0.002043
0.002245
0.002331
0.002288
0.002342
0.002205
0.002328
0.002442
0.002128
0.002003
0.002106
0.002317
0.002186
0.002373
0.002383
0.002606
0.002203
0.002078
0.002282
0.002157
0.003571
0.003788
0.002098
0.002312
0.002111
0.00219
0.002094
0.002444
0.002377
0.002225
0.00215
0.002224
0.002322
0.002179
0.002148
0.003646
0.002635
0.002744
0.002133
0.002113
0.002847
0.002375
0.001954
0.002579
0.003576
0.003581
0.003542
0.00359
0.002051
0.002224
0.002245
0.002196
0.001971
0.002196
0.002195
0.002144
0.002264
0.002642
0.002683
0.002157
0.002128
0.002227
0.002332
0.002339
0.00241
0.00202
0.001981
0.002158
0.00216
0.002174
0.002253
0.002272
0.002227
0.002309
0.001977
0.002109
0.002131
0.001941
0.002272
0.001993
0.002183
0.002234
0.002017
0.002205
0.002096
0.002207
0.002057
0.002239
0.002291
0.00221
0.002133
0.002218
0.002215
0.00211
0.002173
0.002048
0.00209
0.002254
0.002232
0.002034
0.001957
0.001916
0.002127
0.00224
0.00213
0.002167
0.002149
0.002034
0.002047
0.001949
0.002364
0.002064
0.002316
0.002103
0.001967
0.002602
0.002296
0.002219
0.001868
0.002251
0.002155
0.002014
0.002023
0.002365
0.001492
0.001457
0.00146
0.00146
0.001449
0.00145
0.001463
0.001463
0.001461
0.001449
0.001461
0.001459
0.001459
0.00148
0.002408
0.002348
0.002457
0.002348
0.002163
0.002036
0.01057
0.002085
0.002139
0.002196
0.002403
0.002113
0.003377
0.00363
0.003417
0.003398
0.002045
0.002299
0.002254
0.002481
0.002158
0.002379
0.002234
0.002352
0.002209
0.002027
0.002131
0.002106
0.002231
0.002266
0.002063
0.002036
0.001882
0.002117
0.002243
0.002154
0.002292
0.002224
0.00199
0.00213
0.002241
0.001983
0.002084
0.002669
0.002166
0.002053
0.002807
0.002836
0.002945
0.003585
0.00313
0.002269
0.002638
0.002311
0.001486
0.001454
0.001449
0.001457
0.001471
0.001454
0.001451
0.001453
0.001455
0.001519
0.00145
0.001452
0.001458
0.001453
0.001975
0.002479
0.002391
0.002266
0.002184
0.002336
0.002089
0.001977
0.002174
0.002283
0.002163
0.002862
0.002389
0.002036
0.002189
0.002226
0.002016
0.002085
0.002333
0.002532
0.002349
0.00219
0.002249
0.002235
0.00244
0.002378
0.002102
0.002301
0.002193
0.002167
0.00227
0.002096
0.002132
0.002127
0.002131
0.002164
0.002245
0.002106
0.002202
0.002305
0.002058
0.001473
0.001462
0.00149
0.001448
0.001457
0.00146
0.001466
0.00146
0.001486
0.001461
0.001464
0.001462
0.001461
0.00146
0.002198
0.001495
0.002056
0.002492
0.002131
0.002248
0.002299
0.002182
0.002416
0.00213
0.002503
0.002274
0.002152
0.002278
0.002265
0.002191
0.002474
0.002682
0.00219
0.002709
0.002098
0.002164
0.00218
0.00271
0.002398
0.002363
0.002569
0.002106
0.0027
0.002494
0.002367
0.002222
0.002344
0.002302
0.002203
0.00249
0.002297
0.00209
0.002518
0.002046
0.002655
0.002262
0.001481
0.001473
0.001454
0.001458
0.001448
0.001442
0.001446
0.001475
0.001453
0.00146
0.001462
0.001453
0.001451
0.001456
0.001575
0.001455
0.001454
0.001444
0.001439
0.001447
0.001462
0.001522
0.001442
0.001461
0.001514
0.001456
0.001443
0.001443
0.00147
0.001453
0.001456
0.001453
0.001461
0.001456
0.001456
0.001452
0.001455
0.001454
0.001454
0.001452
0.001459
0.001457
0.001454
0.001453
0.001456
0.001454
0.001458
0.001449
0.001469
0.001461
0.001469
0.00145
0.001522
0.001457
0.00145
0.001465
0.001457
0.001457
0.001459
0.001453
0.001449
0.001466
0.001459
0.001521
0.001455
0.001458
0.00146
0.001462
0.001519
0.001533
0.001466
0.001481
0.001464
0.001463
0.001468
0.001459
0.001449
0.001532
0.001459
0.001448
0.001462
0.001444
0.001578
0.001468
0.001454
0.001462
0.001525
0.001474
0.001473
0.001456
0.001513
0.00146
0.001456
0.001463
0.00146
0.001457
0.001455
0.001449
0.001544
0.001459
0.001455
0.001445
0.001446
0.001511
0.001458
0.001516
0.001516
0.001454
0.00146
0.00152
0.001451
0.001456
0.001459
0.00145
0.001448
0.001458
0.001455
0.001459
0.001451
0.001509
0.001454
0.002029
0.002415
0.002516
0.002565
0.002101
0.002206
0.002114
0.002071
0.002122
0.004285
0.002344
0.002079
0.00208
0.002369
0.001467
0.001467
0.00147
0.001454
0.001463
0.00146
0.001459
0.001468
0.001464
0.001454
0.001452
0.001458
0.001458
0.001466
0.001454
0.001899
0.002257
0.002387
0.002291
0.002402
0.002128
0.002115
0.002008
0.001498
0.00147
0.001472
0.001453
0.001516
0.001478
0.001477
0.001474
0.00147
0.00147
0.001465
0.001472
0.001482
0.001477
0.001471
0.001473
0.00146
0.001478
0.001468
0.001468
0.001466
0.001531
0.001471
0.001469
0.001454
0.001469
0.001465
0.001463
0.001605
0.001521
0.001479
0.001477
0.001467
0.001464
0.001465
0.001473
0.001468
0.001463
0.001471
0.001531
0.001468
0.00146
0.001519
0.001474
0.001475
0.001475
0.00147
0.00147
0.001473
0.001468
0.001464
0.001461
0.001472
0.001477
0.001463
0.001474
0.001474
0.001466
0.00147
0.001467
0.001474
0.001466
0.00152
0.001466
0.001468
0.001469
0.001469
0.001467
0.001458
0.001476
0.001455
0.001464
0.001476
0.001479
0.001467
0.001471
0.001463
0.001471
0.001467
0.001528
0.00146
0.001471
0.001469
0.001466
0.001458
0.00146
0.001471
0.001473
0.001467
0.001529
0.001467
0.001465
0.001465
0.001461
0.001485
0.001525
0.001468
0.001469
0.001464
0.001466
0.001465
0.001477
0.001469
0.001469
0.001471
0.001456
0.001472
0.001474
0.001453
0.001462
0.001494
0.001471
0.001471
0.001461
0.001466
0.001463
0.001471
0.001475
0.001473
0.001554
0.001466
0.001463
0.001469
0.001469
0.001507
0.001483
0.001461
0.001466
0.001466
0.001465
0.002355
0.002212
0.001472
0.001473
0.001497
0.002772
0.002576
0.002712
0.002515
0.002507
0.002497
0.002569
0.00234
0.002551
0.002577
0.002559
0.002668
0.002488
0.002508
0.002506
0.002684
0.002505
0.002519
0.0025
0.002564
0.002585
0.002614
0.00238
0.002337
0.002317
0.002416
0.002464
0.002386
0.002499
0.002334
0.002374
0.002262
0.002782
0.00257
0.002666
0.002418
0.002513
0.002478
0.00233
0.002446
0.00233
0.002591
0.001941
0.002114
0.00222
0.002543
0.002574
0.002137
0.002654
0.002629
0.002654
0.002661
0.002698
0.002723
0.00284
0.00259
0.002608
0.002859
0.002688
0.002748
0.002653
0.002679
0.002659
0.002656
0.002571
0.002742
0.00273
0.002943
0.002782
0.002709
0.002698
0.002668
0.002602
0.002634
0.002692
0.002637
0.002633
0.002723
0.002723
0.002655
0.002789
0.002818
0.002682
